$ 1 0.000005 35.60246606707791 25 5 43 5e-11
170 240 224 208 224 2 0 24999.999999999996 10 0.1
v 288 272 288 176 0 0 40 5 0 0 0.5
r 240 224 256 224 0 5600
w 256 224 304 224 0
z 320 224 320 176 2 1N4148
z 320 224 320 256 2 1N4148
w 304 224 320 224 0
r 352 224 368 224 0 1500
g 448 272 448 304 0 0
w 288 272 320 272 0
w 320 272 368 272 0
w 288 160 320 160 0
w 320 224 352 224 0
p 400 224 448 272 3 0 0 10000000
w 400 272 416 272 0
r 320 272 320 256 0 5600
r 320 176 320 160 0 5600
w 288 160 288 176 0
w 400 224 432 224 0
w 320 160 400 160 0
r 400 160 400 224 0 1200
r 400 224 400 272 0 1200
r 448 272 448 192 0 10000
r 448 160 448 192 0 10000
w 400 160 448 160 0
w 432 224 496 224 0
a 496 208 560 208 8 15 -15 1000000 3.1395587383591645 3.139599180574897 100000
w 448 192 480 192 0
w 480 192 480 128 0
r 480 128 560 128 0 6800
w 448 160 528 160 0
w 528 160 528 176 0
w 448 272 528 272 0
w 528 272 528 240 0
r 560 208 624 208 0 3000
w 528 272 624 272 0
p 624 208 624 272 3 0 0 10000000
w 560 128 560 208 0
w 368 272 400 272 0
w 448 272 416 272 0
c 144 192 144 256 4 1e-7 5 0.001 0.1
c 368 224 400 224 4 0.000011999999999999999 -2.8919919550849387 0.001 0
w 288 160 144 160 0
w 288 272 144 272 0
w 144 160 144 192 0
w 144 256 144 272 0
c 480 96 560 96 4 8.2e-10 -0.9046628348786885 0.001 0
w 560 96 560 128 0
w 496 192 480 192 0
w 480 96 480 128 0
o 13 64 0 135426 5 0.1 0 1
o 36 64 0 143626 4.137061642540038 0.0001 1 1
